m1 = 1
  t       v1      v2    x1    x2   coll   c
 0.00    0.00    1.00 -1.00 -1.00 boxbox  1
 1.00    0.00   -1.00 -1.00  0.00 boxwall 2
 2.00   -1.00    0.00 -1.00 -1.00 boxbox  3
-------------------------------------------
Prediction: 3 | True: 3
pi * 1: 3.1415927

m1 = 2
  t       v1      v2    x1    x2   coll   c
 0.00    0.60    1.60 -1.00 -1.00 boxbox  1
 0.62    0.60   -1.60 -0.62  0.00 boxwall 2
 0.91   -0.28    1.92 -0.45 -0.45 boxbox  3
 1.15   -0.28   -1.92 -0.52  0.00 boxwall 4
 1.46   -0.94    0.70 -0.61 -0.61 boxbox  5
 2.33   -0.94   -0.70 -1.42  0.00 boxwall 6
-------------------------------------------
Prediction: 6 | True: 6
pi * 2: 6.2831853

m1 = 10
  t       v1      v2    x1    x2   coll   c
 0.00    0.98    1.98 -1.00 -1.00 boxbox  1
 0.51    0.98   -1.98 -0.51  0.00 boxwall 2
 0.68    0.92    3.88 -0.34 -0.34 boxbox  3
 0.76    0.92   -3.88 -0.26  0.00 boxwall 4
 0.82    0.83    5.63 -0.21 -0.21 boxbox  5
 0.85    0.83   -5.63 -0.18  0.00 boxwall 6
 0.88    0.70    7.16 -0.15 -0.15 boxbox  7
 0.90    0.70   -7.16 -0.14  0.00 boxwall 8
 0.92    0.54    8.40 -0.13 -0.13 boxbox  9
 0.94    0.54   -8.40 -0.12  0.00 boxwall 10
 0.95    0.37    9.31 -0.11 -0.11 boxbox  11
 0.96    0.37   -9.31 -0.11  0.00 boxwall 12
 0.97    0.17    9.85 -0.10 -0.10 boxbox  13
 0.98    0.17   -9.85 -0.10  0.00 boxwall 14
 0.99   -0.02   10.00 -0.10 -0.10 boxbox  15
 1.00   -0.02  -10.00 -0.10  0.00 boxwall 16
 1.01   -0.22    9.75 -0.10 -0.10 boxbox  17
 1.02   -0.22   -9.75 -0.10  0.00 boxwall 18
 1.03   -0.41    9.12 -0.10 -0.10 boxbox  19
 1.04   -0.41   -9.12 -0.11  0.00 boxwall 20
 1.06   -0.58    8.13 -0.11 -0.11 boxbox  21
 1.07   -0.58   -8.13 -0.12  0.00 boxwall 22
 1.09   -0.73    6.81 -0.13 -0.13 boxbox  23
 1.11   -0.73   -6.81 -0.15  0.00 boxwall 24
 1.13   -0.85    5.23 -0.16 -0.16 boxbox  25
 1.16   -0.85   -5.23 -0.19  0.00 boxwall 26
 1.21   -0.94    3.44 -0.23 -0.23 boxbox  27
 1.27   -0.94   -3.44 -0.29 -0.00 boxwall 28
 1.39   -0.99    1.51 -0.40 -0.40 boxbox  29
 1.65   -0.99   -1.51 -0.66  0.00 boxwall 30
 2.93   -1.00   -0.48 -1.92 -1.92 boxbox  31
--------------------------------------------
Prediction: 31 | True: 31
pi * 10: 31.4159265

m1 = 100
  t       v1      v2    x1    x2   coll   c
 0.50    1.00   -2.00 -0.50  0.00 boxwall 2
 0.75    1.00   -4.00 -0.25  0.00 boxwall 4
 0.83    1.00   -6.00 -0.17  0.00 boxwall 6
 0.88    1.00   -7.99 -0.13  0.00 boxwall 8
 0.90    1.00   -9.98 -0.10  0.00 boxwall 10
 0.92    0.99  -11.97 -0.08  0.00 boxwall 12
 0.93    0.99  -13.95 -0.07  0.00 boxwall 14
 0.94    0.99  -15.93 -0.06  0.00 boxwall 16
 0.95    0.98  -17.90 -0.06  0.00 boxwall 18
 0.95    0.98  -19.87 -0.05  0.00 boxwall 20
 1.05   -0.98   18.07 -0.05 -0.05 boxbox  295
 1.06   -0.99   16.10 -0.06 -0.06 boxbox  297
 1.07   -0.99   14.12 -0.07 -0.07 boxbox  299
 1.08   -0.99   12.14 -0.08 -0.08 boxbox  301
 1.09   -0.99   10.15 -0.09 -0.09 boxbox  303
 1.11   -1.00    8.16 -0.11 -0.11 boxbox  305
 1.14   -1.00    6.17 -0.14 -0.14 boxbox  307
 1.19   -1.00    4.17 -0.19 -0.19 boxbox  309
 1.32   -1.00    2.17 -0.32 -0.32 boxbox  311
 1.85   -1.00    0.17 -0.85 -0.85 boxbox  313
 6.89   -1.00   -0.17 -5.89 -0.00 boxwall 314
---------------------------------------------
Prediction: 314 | True: 314
pi * 100: 314.1592654

m1 = 10^5
  t       v1      v2    x1    x2   coll   c
 0.50    1.00   -2.00 -0.50 -0.00 boxwall 2
 0.75    1.00   -4.00 -0.25  0.00 boxwall 4
 0.83    1.00   -6.00 -0.17  0.00 boxwall 6
 0.88    1.00   -8.00 -0.13  0.00 boxwall 8
 0.90    1.00  -10.00 -0.10  0.00 boxwall 10
 0.92    1.00  -12.00 -0.08  0.00 boxwall 12
 0.93    1.00  -14.00 -0.07  0.00 boxwall 14
 0.94    1.00  -16.00 -0.06  0.00 boxwall 16
 0.94    1.00  -18.00 -0.06  0.00 boxwall 18
 0.95    1.00  -20.00 -0.05  0.00 boxwall 20
 1.05   -1.00   19.93 -0.05 -0.05 boxbox  31395
 1.05   -1.00   17.93 -0.05 -0.05 boxbox  31397
 1.06   -1.00   15.93 -0.06 -0.06 boxbox  31399
 1.07   -1.00   13.93 -0.07 -0.07 boxbox  31401
 1.08   -1.00   11.93 -0.08 -0.08 boxbox  31403
 1.09   -1.00    9.93 -0.09 -0.09 boxbox  31405
 1.11   -1.00    7.93 -0.11 -0.11 boxbox  31407
 1.14   -1.00    5.93 -0.14 -0.14 boxbox  31409
 1.20   -1.00    3.93 -0.20 -0.20 boxbox  31411
 1.34   -1.00    1.93 -0.34 -0.34 boxbox  31413
 2.08   -1.00   -0.07 -1.08 -1.08 boxbox  31415
-----------------------------------------------
Prediction: 31415 | True: 31415
pi * 10000: 31415.9265359